ucsf_col_pal <- c("#052049", # UCSF Navy,
                  "#178CCB", # B3 Blue,
                  "#16A0AC", # C3 TEAL,
                  "#32A03E", # D3 GREEN,
                  "#6C62D0", # F3 PURPLE
                  "#A238BA", # G3 VIOLET
                  "#C42882", # H3 MAGENTA 
                  "#FEB80A", # L3 YELLOW
                  "#FA6E1E") # M3 ORANGE 
